| 0.441756       |
| -1.227951      |
| 0.415542       |
| 1.103796       |
| -0.037031      |
| -0.736219      |
| -0.651429      |
| 0.196601       |
| 0.425320       |
| 0.407948       |
| 0.066203       |
| -0.228433      |
| -0.213170      |
| -0.060313      |
| 0.043074       |
| -0.088568      |
| -0.077533      |
| 0.105959       |
| 0.158804       |
| 0.143207       |
| -0.004122      |
| 0.012763       |
| -0.052284      |
| -0.151799      |
| -0.235049      |
| -0.085785      |
| 0.084422       |
| 0.261235       |
| 0.184891       |
| 0.005228       |
| -0.069524      |
| -0.059786      |
| 0.124916       |
| -0.107667      |
| -0.340099      |
| -0.240042      |
| 0.086678       |
| 0.536084       |
| 0.146466       |
| -0.178024      |
| 0.112000       |
| 0.031342       |
| 0.365868       |
| -0.564943      |
| -0.825673      |
| -0.498948      |
| 0.758231       |
| 2.487565       |
| -1.373395      |
| -2.035625      |
| 0.240247       |
| 1.953351       |
| 3.270239       |
| -4.007340      |
| -3.741586      |
| -0.785020      |
| 2.853981       |
| 8.525612       |
| 0.052707       |
| -6.828914      |
| -13.299487     |
| 8.256782       |
| 20.547889      |
| -18.809926     |

