| 23.546943      |
| -27.117743     |
| -0.918592      |
| 3.522067       |
| 1.085956       |
| 0.628794       |
| 0.010503       |
| -2.238599      |
| 0.342282       |
| -0.270077      |
| 0.722256       |
| -1.044098      |
| 1.246206       |
| -1.945683      |
| -0.012988      |
| 1.818173       |
| 0.328573       |
| -0.862902      |
| 1.012772       |
| -0.536916      |
| -2.198424      |
| 2.925435       |
| 0.679092       |
| 0.692001       |
| -1.151173      |
| 0.256941       |
| -0.053619      |
| 0.735908       |
| -1.635881      |
| 3.411116       |
| 2.514243       |
| -4.481173      |
| -3.897593      |
| 1.845173       |
| 0.811957       |
| 2.212364       |
| -1.160838      |
| -0.961309      |
| 0.735722       |
| 1.287619       |
| -2.527203      |
| 2.143849       |
| 2.594957       |
| -2.793402      |
| 0.946432       |
| -0.035337      |
| -0.855534      |
| -0.846106      |
| 2.097410       |
| -1.605169      |
| 0.569981       |
| -1.460174      |
| 0.457842       |
| 0.458080       |
| -0.389379      |
| 0.116803       |
| -1.301914      |
| -0.093070      |
| -1.060633      |
| 1.004692       |
| 1.244553       |
| -1.574240      |
| 1.728231       |
| -2.818112      |
| -2.699949      |
| 3.050112       |
| 0.046898       |
| 1.162653       |
| 1.574950       |
| -2.432522      |
| 0.894143       |
| -1.435621      |
| 1.109364       |
| -1.155574      |
| 1.620083       |
| 0.290430       |
| -2.661466      |
| 3.257515       |
| 2.213016       |
| -2.707819      |
| 0.350930       |
| 0.055844       |
| -2.046178      |
| 0.724102       |
| 4.891285       |
| -2.756835      |
| -0.020756      |
| -2.192194      |
| 0.052286       |
| 5.775705       |
| -2.391298      |
| -0.195283      |
| -0.989143      |
| 2.385467       |
| -2.406004      |
| 0.172765       |
| -0.099986      |
| 0.452317       |
| -0.288395      |
| 2.877045       |
| -2.388358      |
| 0.276590       |
| -1.390650      |
| 0.593280       |
| -2.810648      |
| 2.498497       |
| -2.234125      |
| 0.216378       |
| -0.195163      |
| -1.170814      |
| 0.757298       |
| -0.934896      |
| 1.061493       |
| -1.553193      |
| 0.862062       |
| -0.188796      |
| -1.228191      |
| 3.742581       |
| -2.182276      |
| -3.181785      |
| 1.721747       |
| 1.487146       |
| 2.717687       |
| -3.247042      |
| 0.888659       |
| -1.980416      |
| 3.745141       |
| 1.035897       |
| -1.108810      |
| -2.439323      |
| 4.856132       |
| 0.765925       |
| -6.036591      |
| 1.239591       |
| -0.405776      |
| 5.310240       |
| -1.293058      |
| -0.460283      |
| -0.157368      |
| 2.201556       |
| 0.519423       |
| -4.715892      |
| -1.376859      |
| 2.788837       |
| 0.998418       |
| -1.608107      |
| 2.593475       |
| -1.495009      |
| 2.443134       |
| -3.606009      |
| -0.768175      |
| 0.803915       |
| 1.299553       |
| -2.480707      |
| 1.031758       |
| -1.107375      |
| -1.097946      |
| 0.041905       |
| 0.924664       |
| 0.096687       |
| 3.034986       |
| -1.264268      |
| -4.796162      |
| 1.433262       |
| 1.552744       |
| 0.688540       |
| 0.312524       |
| -1.061521      |
| -1.303257      |
| 3.175359       |
| -0.807297      |
| -3.460130      |
| 1.320422       |
| 2.596011       |
| -1.211996      |
| -1.245799      |
| -0.219872      |
| 3.743619       |
| -1.837866      |
| -4.432600      |
| 6.596790       |
| -0.976922      |
| -2.740457      |
| 2.703169       |
| 1.001951       |
| 0.558226       |
| -1.938441      |
| -2.969790      |
| 1.376223       |
| 2.026745       |
| 1.549835       |
| -0.898415      |
| -3.102183      |
| 1.465082       |
| 3.184879       |
| -5.831302      |
| 5.178877       |
| -1.391689      |
| -2.101199      |
| 3.319053       |
| -2.209616      |
| -1.159620      |
| 4.089653       |
| -4.898786      |
| 5.186109       |
| -5.264942      |
| -1.976838      |
| 3.105522       |
| 2.406084       |
| -1.072337      |
| -4.448583      |
| 1.573973       |
| 4.387237       |
| -2.978845      |
| 2.915141       |
| -2.978977      |
| 0.841077       |
| 2.089857       |
| -1.645891      |
| -0.404444      |
| -1.264958      |
| 2.798398       |
| 2.003679       |
| -5.434153      |
| -0.176464      |
| 2.819959       |
| -4.002244      |
| 1.472778       |
| 2.529145       |
| -0.341703      |
| 0.275640       |
| -2.419676      |
| -2.163608      |
| 2.621196       |
| -0.650050      |
| 2.293479       |
| 0.684163       |
| -1.075885      |
| -1.416183      |
| 0.148487       |
| -2.768002      |
| 4.443264       |
| 4.508568       |
| -5.870643      |
| -3.087025      |
| 3.549280       |
| 3.673661       |
| -1.805763      |
| -1.323505      |
| -0.573305      |
| 1.257543       |
| -0.996505      |
| 5.934268       |
| 5.386364       |
| -25.517849     |
| 13.947049      |
